1.957000000000000000e+03 0.000000000000000000e+00
1.958000000000000000e+03 -1.331607414931474352e-02
1.959000000000000000e+03 -2.122265109192545199e-02
1.960000000000000000e+03 -2.662407313357064223e-02
1.961000000000000000e+03 -2.963166582021338133e-02
1.962000000000000000e+03 -3.156962925342820386e-02
1.963000000000000000e+03 -3.306335703402781684e-02
1.964000000000000000e+03 -3.410845606907091099e-02
1.965000000000000000e+03 -3.516394108684668673e-02
1.966000000000000000e+03 -4.345021838496702649e-01
1.967000000000000000e+03 -1.258681259522600682e+00
1.968000000000000000e+03 -3.045129304215337562e+00
1.969000000000000000e+03 -6.025303885220923306e+00
1.970000000000000000e+03 -1.048707257491112088e+01
1.971000000000000000e+03 -1.644222366683595737e+01
1.972000000000000000e+03 -2.389125888776028361e+01
1.973000000000000000e+03 -3.245182864398172029e+01
1.974000000000000000e+03 -4.237616813103097257e+01
1.975000000000000000e+03 -5.275251081767395078e+01
1.976000000000000000e+03 -6.334268354494667363e+01
1.977000000000000000e+03 -7.364812384459115435e+01
1.978000000000000000e+03 -8.338529895886236432e+01
1.979000000000000000e+03 -9.245286622651092046e+01
1.980000000000000000e+03 -1.002111724225495095e+02
1.981000000000000000e+03 -1.074795247587607889e+02
1.982000000000000000e+03 -1.138127575926866371e+02
1.983000000000000000e+03 -1.196039023616048667e+02
1.984000000000000000e+03 -1.257506185373285916e+02
1.985000000000000000e+03 -1.314254862112747446e+02
1.986000000000000000e+03 -1.365777319451498215e+02
1.987000000000000000e+03 -1.410271619603859961e+02
1.988000000000000000e+03 -1.446898803961401825e+02
1.989000000000000000e+03 -1.480023708989334921e+02
1.990000000000000000e+03 -1.510462728542406978e+02
1.991000000000000000e+03 -1.550728997460639675e+02
1.992000000000000000e+03 -1.594218199847638289e+02
1.993000000000000000e+03 -1.638246322752666231e+02
1.994000000000000000e+03 -1.680182109954291434e+02
1.995000000000000000e+03 -1.715113837988826617e+02
1.996000000000000000e+03 -1.758313313103097926e+02
1.997000000000000000e+03 -1.796163446927374423e+02
1.998000000000000000e+03 -1.829388858303707366e+02
1.999000000000000000e+03 -1.859825592432706856e+02
2.000000000000000000e+03 -1.885838110716099436e+02
2.001000000000000000e+03 -1.910979497460639891e+02
2.002000000000000000e+03 -1.937204618080243677e+02
2.003000000000000000e+03 -1.968150070340274169e+02
2.004000000000000000e+03 -2.000387230827831502e+02
2.005000000000000000e+03 -2.034677926358557443e+02
2.006000000000000000e+03 -2.069877358303707524e+02
2.007000000000000000e+03 -2.095275940832910067e+02
2.008000000000000000e+03 -2.134574167851701247e+02
2.009000000000000000e+03 -2.173038443626205947e+02
2.010000000000000000e+03 -2.219075432960893863e+02
2.011000000000000000e+03 -2.266288879380396111e+02
2.012000000000000000e+03 -2.312555639664804517e+02
2.013000000000000000e+03 -2.363674713306246815e+02
2.014000000000000000e+03 -2.411013262569832420e+02
2.015000000000000000e+03 -2.450360286693753267e+02
2.016000000000000000e+03 -2.481621399949212616e+02
2.017000000000000000e+03 -2.509273272219400610e+02
2.018000000000000000e+03 -2.533063550279329661e+02
2.019000000000000000e+03 -2.554703124174707796e+02
2.020000000000000000e+03 -2.567919958100558802e+02
2.021000000000000000e+03 -2.579712869476891797e+02
2.022000000000000000e+03 -2.587236427120365647e+02
2.023000000000000000e+03 -2.591688404520061226e+02
2.024000000000000000e+03 -2.595378084306754545e+02
2.025000000000000000e+03 -2.598747469781615109e+02
2.026000000000000000e+03 -2.601542941594717604e+02
2.027000000000000000e+03 -2.603400943880142222e+02
2.028000000000000000e+03 -2.605113607922804135e+02
2.029000000000000000e+03 -2.606688556373794086e+02
2.030000000000000000e+03 -2.608149760538344140e+02
2.031000000000000000e+03 -2.609507489334687875e+02
2.032000000000000000e+03 -2.610747457338750337e+02
2.033000000000000000e+03 -2.611899425088877820e+02
2.034000000000000000e+03 -2.612989724225494683e+02
2.035000000000000000e+03 -2.614013329355002497e+02
2.036000000000000000e+03 -2.614990988572880042e+02
2.037000000000000000e+03 -2.615912695022853995e+02
2.038000000000000000e+03 -2.616786034535297176e+02
2.039000000000000000e+03 -2.617607016759776570e+02
2.040000000000000000e+03 -2.618384131284916521e+02
2.041000000000000000e+03 -2.619115518029456666e+02
2.042000000000000000e+03 -2.619808510665312156e+02
2.043000000000000000e+03 -2.620462034027424920e+02
2.044000000000000000e+03 -2.621086748857287603e+02
2.045000000000000000e+03 -2.621674380650076159e+02
2.046000000000000000e+03 -2.622230429151853741e+02
2.047000000000000000e+03 -2.622758383189436131e+02
2.048000000000000000e+03 -2.623256782884712948e+02
2.049000000000000000e+03 -2.623725452260030693e+02
2.050000000000000000e+03 -2.624169920518029357e+02
2.051000000000000000e+03 -2.624591895378364370e+02
2.052000000000000000e+03 -2.624991657948197030e+02
