6.621428571428570997e+00 5.329469387755102616e+01 2.920000000000000000e+03
6.621428571428570997e+00 5.330489795918367690e+01 2.920000000000000000e+03
6.621428571428570997e+00 5.331510204081632764e+01 2.920000000000000000e+03
6.621428571428570997e+00 5.332530612244897839e+01 2.920000000000000000e+03
6.631632653061224403e+00 5.325387755102040899e+01 2.920000000000000000e+03
6.631632653061224403e+00 5.326408163265306683e+01 2.920000000000000000e+03
6.631632653061224403e+00 5.327428571428571757e+01 2.920000000000000000e+03
6.631632653061224403e+00 5.328448979591836832e+01 2.920000000000000000e+03
6.631632653061224403e+00 5.329469387755102616e+01 2.920000000000000000e+03
6.631632653061224403e+00 5.330489795918367690e+01 2.920000000000000000e+03
6.631632653061224403e+00 5.331510204081632764e+01 2.920000000000000000e+03
6.631632653061224403e+00 5.332530612244897839e+01 2.920000000000000000e+03
6.631632653061224403e+00 5.333551020408163623e+01 2.920000000000000000e+03
6.631632653061224403e+00 5.334571428571428697e+01 2.920000000000000000e+03
6.631632653061224403e+00 5.335591836734693771e+01 2.920000000000000000e+03
6.631632653061224403e+00 5.336612244897959556e+01 2.920000000000000000e+03
6.641836734693876920e+00 5.323346938775510750e+01 2.920000000000000000e+03
6.641836734693876920e+00 5.324367346938775825e+01 2.920000000000000000e+03
6.641836734693876920e+00 5.325387755102040899e+01 2.920000000000000000e+03
6.641836734693876920e+00 5.326408163265306683e+01 2.920000000000000000e+03
6.641836734693876920e+00 5.327428571428571757e+01 2.920000000000000000e+03
6.641836734693876920e+00 5.328448979591836832e+01 2.920000000000000000e+03
6.641836734693876920e+00 5.329469387755102616e+01 2.920000000000000000e+03
6.641836734693876920e+00 5.330489795918367690e+01 2.920000000000000000e+03
6.641836734693876920e+00 5.331510204081632764e+01 2.920000000000000000e+03
6.641836734693876920e+00 5.332530612244897839e+01 2.920000000000000000e+03
6.641836734693876920e+00 5.333551020408163623e+01 2.920000000000000000e+03
6.641836734693876920e+00 5.334571428571428697e+01 2.920000000000000000e+03
6.641836734693876920e+00 5.335591836734693771e+01 2.920000000000000000e+03
6.641836734693876920e+00 5.336612244897959556e+01 2.920000000000000000e+03
6.641836734693876920e+00 5.337632653061224630e+01 2.920000000000000000e+03
6.641836734693876920e+00 5.338653061224489704e+01 2.920000000000000000e+03
6.652040816326530326e+00 5.321306122448979892e+01 2.920000000000000000e+03
6.652040816326530326e+00 5.322326530612244966e+01 2.920000000000000000e+03
6.652040816326530326e+00 5.323346938775510750e+01 2.920000000000000000e+03
6.652040816326530326e+00 5.324367346938775825e+01 2.920000000000000000e+03
6.652040816326530326e+00 5.325387755102040899e+01 2.920000000000000000e+03
6.652040816326530326e+00 5.326408163265306683e+01 2.920000000000000000e+03
6.652040816326530326e+00 5.327428571428571757e+01 2.920000000000000000e+03
6.652040816326530326e+00 5.328448979591836832e+01 2.920000000000000000e+03
6.652040816326530326e+00 5.329469387755102616e+01 2.920000000000000000e+03
6.652040816326530326e+00 5.330489795918367690e+01 2.920000000000000000e+03
6.652040816326530326e+00 5.331510204081632764e+01 2.920000000000000000e+03
6.652040816326530326e+00 5.332530612244897839e+01 2.920000000000000000e+03
6.652040816326530326e+00 5.333551020408163623e+01 2.920000000000000000e+03
6.652040816326530326e+00 5.334571428571428697e+01 2.920000000000000000e+03
6.652040816326530326e+00 5.335591836734693771e+01 2.920000000000000000e+03
6.652040816326530326e+00 5.336612244897959556e+01 2.920000000000000000e+03
6.652040816326530326e+00 5.337632653061224630e+01 2.920000000000000000e+03
6.652040816326530326e+00 5.338653061224489704e+01 2.920000000000000000e+03
6.652040816326530326e+00 5.339673469387755489e+01 2.920000000000000000e+03
6.652040816326530326e+00 5.340693877551020563e+01 2.920000000000000000e+03
6.662244897959183731e+00 5.320285714285714818e+01 2.920000000000000000e+03
6.662244897959183731e+00 5.321306122448979892e+01 2.920000000000000000e+03
6.662244897959183731e+00 5.322326530612244966e+01 2.920000000000000000e+03
6.662244897959183731e+00 5.323346938775510750e+01 2.920000000000000000e+03
6.662244897959183731e+00 5.324367346938775825e+01 2.920000000000000000e+03
6.662244897959183731e+00 5.325387755102040899e+01 2.920000000000000000e+03
6.662244897959183731e+00 5.326408163265306683e+01 2.920000000000000000e+03
6.662244897959183731e+00 5.327428571428571757e+01 2.920000000000000000e+03
6.662244897959183731e+00 5.328448979591836832e+01 2.920000000000000000e+03
6.662244897959183731e+00 5.329469387755102616e+01 2.920000000000000000e+03
6.662244897959183731e+00 5.330489795918367690e+01 2.920000000000000000e+03
6.662244897959183731e+00 5.331510204081632764e+01 2.920000000000000000e+03
6.662244897959183731e+00 5.332530612244897839e+01 2.920000000000000000e+03
6.662244897959183731e+00 5.333551020408163623e+01 2.920000000000000000e+03
6.662244897959183731e+00 5.334571428571428697e+01 2.920000000000000000e+03
6.662244897959183731e+00 5.335591836734693771e+01 2.920000000000000000e+03
6.662244897959183731e+00 5.336612244897959556e+01 2.920000000000000000e+03
6.662244897959183731e+00 5.337632653061224630e+01 2.920000000000000000e+03
6.662244897959183731e+00 5.338653061224489704e+01 2.920000000000000000e+03
6.662244897959183731e+00 5.339673469387755489e+01 2.920000000000000000e+03
6.662244897959183731e+00 5.340693877551020563e+01 2.920000000000000000e+03
6.662244897959183731e+00 5.341714285714285637e+01 2.920000000000000000e+03
6.672448979591836249e+00 5.319265306122449033e+01 2.920000000000000000e+03
6.672448979591836249e+00 5.320285714285714818e+01 2.920000000000000000e+03
6.672448979591836249e+00 5.321306122448979892e+01 2.920000000000000000e+03
6.672448979591836249e+00 5.322326530612244966e+01 2.920000000000000000e+03
6.672448979591836249e+00 5.323346938775510750e+01 2.920000000000000000e+03
6.672448979591836249e+00 5.324367346938775825e+01 2.920000000000000000e+03
6.672448979591836249e+00 5.325387755102040899e+01 2.920000000000000000e+03
6.672448979591836249e+00 5.326408163265306683e+01 2.920000000000000000e+03
6.672448979591836249e+00 5.327428571428571757e+01 2.920000000000000000e+03
6.672448979591836249e+00 5.328448979591836832e+01 2.920000000000000000e+03
6.672448979591836249e+00 5.329469387755102616e+01 2.920000000000000000e+03
6.672448979591836249e+00 5.330489795918367690e+01 2.920000000000000000e+03
6.672448979591836249e+00 5.331510204081632764e+01 2.920000000000000000e+03
6.672448979591836249e+00 5.332530612244897839e+01 2.920000000000000000e+03
6.672448979591836249e+00 5.333551020408163623e+01 2.920000000000000000e+03
6.672448979591836249e+00 5.334571428571428697e+01 2.920000000000000000e+03
6.672448979591836249e+00 5.335591836734693771e+01 2.920000000000000000e+03
6.672448979591836249e+00 5.336612244897959556e+01 2.920000000000000000e+03
6.672448979591836249e+00 5.337632653061224630e+01 2.920000000000000000e+03
6.672448979591836249e+00 5.338653061224489704e+01 2.920000000000000000e+03
6.672448979591836249e+00 5.339673469387755489e+01 2.920000000000000000e+03
6.672448979591836249e+00 5.340693877551020563e+01 2.920000000000000000e+03
6.672448979591836249e+00 5.341714285714285637e+01 2.920000000000000000e+03
6.672448979591836249e+00 5.342734693877551422e+01 2.920000000000000000e+03
6.682653061224489655e+00 5.318244897959183959e+01 2.920000000000000000e+03
6.682653061224489655e+00 5.319265306122449033e+01 2.920000000000000000e+03
6.682653061224489655e+00 5.320285714285714818e+01 2.920000000000000000e+03
6.682653061224489655e+00 5.321306122448979892e+01 2.920000000000000000e+03
6.682653061224489655e+00 5.322326530612244966e+01 2.920000000000000000e+03
6.682653061224489655e+00 5.323346938775510750e+01 2.920000000000000000e+03
6.682653061224489655e+00 5.324367346938775825e+01 2.920000000000000000e+03
6.682653061224489655e+00 5.325387755102040899e+01 2.920000000000000000e+03
6.682653061224489655e+00 5.326408163265306683e+01 2.920000000000000000e+03
6.682653061224489655e+00 5.327428571428571757e+01 2.920000000000000000e+03
6.682653061224489655e+00 5.328448979591836832e+01 2.920000000000000000e+03
6.682653061224489655e+00 5.329469387755102616e+01 2.920000000000000000e+03
6.682653061224489655e+00 5.330489795918367690e+01 2.920000000000000000e+03
6.682653061224489655e+00 5.331510204081632764e+01 2.920000000000000000e+03
6.682653061224489655e+00 5.332530612244897839e+01 2.920000000000000000e+03
6.682653061224489655e+00 5.333551020408163623e+01 2.920000000000000000e+03
6.682653061224489655e+00 5.334571428571428697e+01 2.920000000000000000e+03
6.682653061224489655e+00 5.335591836734693771e+01 2.920000000000000000e+03
6.682653061224489655e+00 5.336612244897959556e+01 2.920000000000000000e+03
6.682653061224489655e+00 5.337632653061224630e+01 2.920000000000000000e+03
6.682653061224489655e+00 5.338653061224489704e+01 2.920000000000000000e+03
6.682653061224489655e+00 5.339673469387755489e+01 2.920000000000000000e+03
6.682653061224489655e+00 5.340693877551020563e+01 2.920000000000000000e+03
6.682653061224489655e+00 5.341714285714285637e+01 2.920000000000000000e+03
6.682653061224489655e+00 5.342734693877551422e+01 2.920000000000000000e+03
6.682653061224489655e+00 5.343755102040816496e+01 2.920000000000000000e+03
6.692857142857143060e+00 5.317224489795918885e+01 2.920000000000000000e+03
6.692857142857143060e+00 5.318244897959183959e+01 2.920000000000000000e+03
6.692857142857143060e+00 5.319265306122449033e+01 2.920000000000000000e+03
6.692857142857143060e+00 5.320285714285714818e+01 2.920000000000000000e+03
6.692857142857143060e+00 5.321306122448979892e+01 2.920000000000000000e+03
6.692857142857143060e+00 5.322326530612244966e+01 2.920000000000000000e+03
6.692857142857143060e+00 5.323346938775510750e+01 2.920000000000000000e+03
6.692857142857143060e+00 5.324367346938775825e+01 2.920000000000000000e+03
6.692857142857143060e+00 5.325387755102040899e+01 2.920000000000000000e+03
6.692857142857143060e+00 5.326408163265306683e+01 2.920000000000000000e+03
6.692857142857143060e+00 5.327428571428571757e+01 2.920000000000000000e+03
6.692857142857143060e+00 5.328448979591836832e+01 2.920000000000000000e+03
6.692857142857143060e+00 5.329469387755102616e+01 2.920000000000000000e+03
6.692857142857143060e+00 5.330489795918367690e+01 2.920000000000000000e+03
6.692857142857143060e+00 5.331510204081632764e+01 2.920000000000000000e+03
6.692857142857143060e+00 5.332530612244897839e+01 2.920000000000000000e+03
6.692857142857143060e+00 5.333551020408163623e+01 2.920000000000000000e+03
6.692857142857143060e+00 5.334571428571428697e+01 2.920000000000000000e+03
6.692857142857143060e+00 5.335591836734693771e+01 2.920000000000000000e+03
6.692857142857143060e+00 5.336612244897959556e+01 2.920000000000000000e+03
6.692857142857143060e+00 5.337632653061224630e+01 2.920000000000000000e+03
6.692857142857143060e+00 5.338653061224489704e+01 2.920000000000000000e+03
6.692857142857143060e+00 5.339673469387755489e+01 2.920000000000000000e+03
6.692857142857143060e+00 5.340693877551020563e+01 2.920000000000000000e+03
6.692857142857143060e+00 5.341714285714285637e+01 2.920000000000000000e+03
6.692857142857143060e+00 5.342734693877551422e+01 2.920000000000000000e+03
6.692857142857143060e+00 5.343755102040816496e+01 2.920000000000000000e+03
6.692857142857143060e+00 5.344775510204081570e+01 2.920000000000000000e+03
6.703061224489795578e+00 5.316204081632653100e+01 2.920000000000000000e+03
6.703061224489795578e+00 5.317224489795918885e+01 2.920000000000000000e+03
6.703061224489795578e+00 5.318244897959183959e+01 2.920000000000000000e+03
6.703061224489795578e+00 5.319265306122449033e+01 2.920000000000000000e+03
6.703061224489795578e+00 5.320285714285714818e+01 2.920000000000000000e+03
6.703061224489795578e+00 5.321306122448979892e+01 2.920000000000000000e+03
6.703061224489795578e+00 5.322326530612244966e+01 2.920000000000000000e+03
6.703061224489795578e+00 5.323346938775510750e+01 2.920000000000000000e+03
6.703061224489795578e+00 5.324367346938775825e+01 2.920000000000000000e+03
6.703061224489795578e+00 5.325387755102040899e+01 2.920000000000000000e+03
6.703061224489795578e+00 5.326408163265306683e+01 2.920000000000000000e+03
6.703061224489795578e+00 5.327428571428571757e+01 2.920000000000000000e+03
6.703061224489795578e+00 5.328448979591836832e+01 2.920000000000000000e+03
6.703061224489795578e+00 5.329469387755102616e+01 2.920000000000000000e+03
6.703061224489795578e+00 5.330489795918367690e+01 2.920000000000000000e+03
6.703061224489795578e+00 5.331510204081632764e+01 2.920000000000000000e+03
6.703061224489795578e+00 5.332530612244897839e+01 2.920000000000000000e+03
6.703061224489795578e+00 5.333551020408163623e+01 2.920000000000000000e+03
6.703061224489795578e+00 5.334571428571428697e+01 2.920000000000000000e+03
6.703061224489795578e+00 5.335591836734693771e+01 2.920000000000000000e+03
6.703061224489795578e+00 5.336612244897959556e+01 2.920000000000000000e+03
6.703061224489795578e+00 5.337632653061224630e+01 2.920000000000000000e+03
6.703061224489795578e+00 5.338653061224489704e+01 2.920000000000000000e+03
6.703061224489795578e+00 5.339673469387755489e+01 2.920000000000000000e+03
6.703061224489795578e+00 5.340693877551020563e+01 2.920000000000000000e+03
6.703061224489795578e+00 5.341714285714285637e+01 2.920000000000000000e+03
6.703061224489795578e+00 5.342734693877551422e+01 2.920000000000000000e+03
6.703061224489795578e+00 5.343755102040816496e+01 2.920000000000000000e+03
6.703061224489795578e+00 5.344775510204081570e+01 2.920000000000000000e+03
6.703061224489795578e+00 5.345795918367347355e+01 2.920000000000000000e+03
6.713265306122448983e+00 5.316204081632653100e+01 2.920000000000000000e+03
6.713265306122448983e+00 5.317224489795918885e+01 2.920000000000000000e+03
6.713265306122448983e+00 5.318244897959183959e+01 2.920000000000000000e+03
6.713265306122448983e+00 5.319265306122449033e+01 2.920000000000000000e+03
6.713265306122448983e+00 5.320285714285714818e+01 2.920000000000000000e+03
6.713265306122448983e+00 5.321306122448979892e+01 2.920000000000000000e+03
6.713265306122448983e+00 5.322326530612244966e+01 2.920000000000000000e+03
6.713265306122448983e+00 5.323346938775510750e+01 2.920000000000000000e+03
6.713265306122448983e+00 5.324367346938775825e+01 2.920000000000000000e+03
6.713265306122448983e+00 5.325387755102040899e+01 2.920000000000000000e+03
6.713265306122448983e+00 5.326408163265306683e+01 2.920000000000000000e+03
6.713265306122448983e+00 5.327428571428571757e+01 2.920000000000000000e+03
6.713265306122448983e+00 5.328448979591836832e+01 2.920000000000000000e+03
6.713265306122448983e+00 5.329469387755102616e+01 2.920000000000000000e+03
6.713265306122448983e+00 5.330489795918367690e+01 2.920000000000000000e+03
6.713265306122448983e+00 5.331510204081632764e+01 2.920000000000000000e+03
6.713265306122448983e+00 5.332530612244897839e+01 2.920000000000000000e+03
6.713265306122448983e+00 5.333551020408163623e+01 2.920000000000000000e+03
6.713265306122448983e+00 5.334571428571428697e+01 2.920000000000000000e+03
6.713265306122448983e+00 5.335591836734693771e+01 2.920000000000000000e+03
6.713265306122448983e+00 5.336612244897959556e+01 2.920000000000000000e+03
6.713265306122448983e+00 5.337632653061224630e+01 2.920000000000000000e+03
6.713265306122448983e+00 5.338653061224489704e+01 2.920000000000000000e+03
6.713265306122448983e+00 5.339673469387755489e+01 2.920000000000000000e+03
6.713265306122448983e+00 5.340693877551020563e+01 2.920000000000000000e+03
6.713265306122448983e+00 5.341714285714285637e+01 2.920000000000000000e+03
6.713265306122448983e+00 5.342734693877551422e+01 2.920000000000000000e+03
6.713265306122448983e+00 5.343755102040816496e+01 2.920000000000000000e+03
6.713265306122448983e+00 5.344775510204081570e+01 2.920000000000000000e+03
6.713265306122448983e+00 5.345795918367347355e+01 2.920000000000000000e+03
6.723469387755101501e+00 5.315183673469388026e+01 2.920000000000000000e+03
6.723469387755101501e+00 5.316204081632653100e+01 2.920000000000000000e+03
6.723469387755101501e+00 5.317224489795918885e+01 2.920000000000000000e+03
6.723469387755101501e+00 5.318244897959183959e+01 2.920000000000000000e+03
6.723469387755101501e+00 5.319265306122449033e+01 2.920000000000000000e+03
6.723469387755101501e+00 5.320285714285714818e+01 2.920000000000000000e+03
6.723469387755101501e+00 5.321306122448979892e+01 2.920000000000000000e+03
6.723469387755101501e+00 5.322326530612244966e+01 2.920000000000000000e+03
6.723469387755101501e+00 5.323346938775510750e+01 2.920000000000000000e+03
6.723469387755101501e+00 5.324367346938775825e+01 2.920000000000000000e+03
6.723469387755101501e+00 5.325387755102040899e+01 2.920000000000000000e+03
6.723469387755101501e+00 5.326408163265306683e+01 2.920000000000000000e+03
6.723469387755101501e+00 5.327428571428571757e+01 2.920000000000000000e+03
6.723469387755101501e+00 5.328448979591836832e+01 2.920000000000000000e+03
6.723469387755101501e+00 5.329469387755102616e+01 2.920000000000000000e+03
6.723469387755101501e+00 5.330489795918367690e+01 2.920000000000000000e+03
6.723469387755101501e+00 5.331510204081632764e+01 2.920000000000000000e+03
6.723469387755101501e+00 5.332530612244897839e+01 2.920000000000000000e+03
6.723469387755101501e+00 5.333551020408163623e+01 2.920000000000000000e+03
6.723469387755101501e+00 5.334571428571428697e+01 2.920000000000000000e+03
6.723469387755101501e+00 5.335591836734693771e+01 2.920000000000000000e+03
6.723469387755101501e+00 5.336612244897959556e+01 2.920000000000000000e+03
6.723469387755101501e+00 5.337632653061224630e+01 2.920000000000000000e+03
6.723469387755101501e+00 5.338653061224489704e+01 2.920000000000000000e+03
6.723469387755101501e+00 5.339673469387755489e+01 2.920000000000000000e+03
6.723469387755101501e+00 5.340693877551020563e+01 2.920000000000000000e+03
6.723469387755101501e+00 5.341714285714285637e+01 2.920000000000000000e+03
6.723469387755101501e+00 5.342734693877551422e+01 2.920000000000000000e+03
6.723469387755101501e+00 5.343755102040816496e+01 2.920000000000000000e+03
6.723469387755101501e+00 5.344775510204081570e+01 2.920000000000000000e+03
6.723469387755101501e+00 5.345795918367347355e+01 2.920000000000000000e+03
6.723469387755101501e+00 5.346816326530612429e+01 2.920000000000000000e+03
6.733673469387754906e+00 5.315183673469388026e+01 2.920000000000000000e+03
6.733673469387754906e+00 5.316204081632653100e+01 2.920000000000000000e+03
6.733673469387754906e+00 5.317224489795918885e+01 2.920000000000000000e+03
6.733673469387754906e+00 5.318244897959183959e+01 2.920000000000000000e+03
6.733673469387754906e+00 5.319265306122449033e+01 2.920000000000000000e+03
6.733673469387754906e+00 5.320285714285714818e+01 2.920000000000000000e+03
6.733673469387754906e+00 5.321306122448979892e+01 2.920000000000000000e+03
6.733673469387754906e+00 5.322326530612244966e+01 2.920000000000000000e+03
6.733673469387754906e+00 5.323346938775510750e+01 2.920000000000000000e+03
6.733673469387754906e+00 5.324367346938775825e+01 2.920000000000000000e+03
6.733673469387754906e+00 5.325387755102040899e+01 2.920000000000000000e+03
6.733673469387754906e+00 5.326408163265306683e+01 2.920000000000000000e+03
6.733673469387754906e+00 5.327428571428571757e+01 2.920000000000000000e+03
6.733673469387754906e+00 5.328448979591836832e+01 2.920000000000000000e+03
6.733673469387754906e+00 5.329469387755102616e+01 2.920000000000000000e+03
6.733673469387754906e+00 5.330489795918367690e+01 2.920000000000000000e+03
6.733673469387754906e+00 5.331510204081632764e+01 2.920000000000000000e+03
6.733673469387754906e+00 5.332530612244897839e+01 2.920000000000000000e+03
6.733673469387754906e+00 5.333551020408163623e+01 2.920000000000000000e+03
6.733673469387754906e+00 5.334571428571428697e+01 2.920000000000000000e+03
6.733673469387754906e+00 5.335591836734693771e+01 2.920000000000000000e+03
6.733673469387754906e+00 5.336612244897959556e+01 2.920000000000000000e+03
6.733673469387754906e+00 5.337632653061224630e+01 2.920000000000000000e+03
6.733673469387754906e+00 5.338653061224489704e+01 2.920000000000000000e+03
6.733673469387754906e+00 5.339673469387755489e+01 2.920000000000000000e+03
6.733673469387754906e+00 5.340693877551020563e+01 2.920000000000000000e+03
6.733673469387754906e+00 5.341714285714285637e+01 2.920000000000000000e+03
6.733673469387754906e+00 5.342734693877551422e+01 2.920000000000000000e+03
6.733673469387754906e+00 5.343755102040816496e+01 2.920000000000000000e+03
6.733673469387754906e+00 5.344775510204081570e+01 2.920000000000000000e+03
6.733673469387754906e+00 5.345795918367347355e+01 2.920000000000000000e+03
6.733673469387754906e+00 5.346816326530612429e+01 2.920000000000000000e+03
6.743877551020408312e+00 5.314163265306122952e+01 2.920000000000000000e+03
6.743877551020408312e+00 5.315183673469388026e+01 2.920000000000000000e+03
6.743877551020408312e+00 5.316204081632653100e+01 2.920000000000000000e+03
6.743877551020408312e+00 5.317224489795918885e+01 2.920000000000000000e+03
6.743877551020408312e+00 5.318244897959183959e+01 2.920000000000000000e+03
6.743877551020408312e+00 5.319265306122449033e+01 2.920000000000000000e+03
6.743877551020408312e+00 5.320285714285714818e+01 2.920000000000000000e+03
6.743877551020408312e+00 5.321306122448979892e+01 2.920000000000000000e+03
6.743877551020408312e+00 5.322326530612244966e+01 2.920000000000000000e+03
6.743877551020408312e+00 5.323346938775510750e+01 2.920000000000000000e+03
6.743877551020408312e+00 5.324367346938775825e+01 2.920000000000000000e+03
6.743877551020408312e+00 5.325387755102040899e+01 2.920000000000000000e+03
6.743877551020408312e+00 5.326408163265306683e+01 2.920000000000000000e+03
6.743877551020408312e+00 5.327428571428571757e+01 2.920000000000000000e+03
6.743877551020408312e+00 5.328448979591836832e+01 2.920000000000000000e+03
6.743877551020408312e+00 5.329469387755102616e+01 2.920000000000000000e+03
6.743877551020408312e+00 5.330489795918367690e+01 2.920000000000000000e+03
6.743877551020408312e+00 5.331510204081632764e+01 2.920000000000000000e+03
6.743877551020408312e+00 5.332530612244897839e+01 2.920000000000000000e+03
6.743877551020408312e+00 5.333551020408163623e+01 2.920000000000000000e+03
6.743877551020408312e+00 5.334571428571428697e+01 2.920000000000000000e+03
6.743877551020408312e+00 5.335591836734693771e+01 2.920000000000000000e+03
6.743877551020408312e+00 5.336612244897959556e+01 2.920000000000000000e+03
6.743877551020408312e+00 5.337632653061224630e+01 2.920000000000000000e+03
6.743877551020408312e+00 5.338653061224489704e+01 2.920000000000000000e+03
6.743877551020408312e+00 5.339673469387755489e+01 2.920000000000000000e+03
6.743877551020408312e+00 5.340693877551020563e+01 2.920000000000000000e+03
6.743877551020408312e+00 5.341714285714285637e+01 2.920000000000000000e+03
6.743877551020408312e+00 5.342734693877551422e+01 2.920000000000000000e+03
6.743877551020408312e+00 5.343755102040816496e+01 2.920000000000000000e+03
6.743877551020408312e+00 5.344775510204081570e+01 2.920000000000000000e+03
6.743877551020408312e+00 5.345795918367347355e+01 2.920000000000000000e+03
6.743877551020408312e+00 5.346816326530612429e+01 2.920000000000000000e+03
6.743877551020408312e+00 5.347836734693877503e+01 2.920000000000000000e+03
6.754081632653060829e+00 5.314163265306122952e+01 2.920000000000000000e+03
6.754081632653060829e+00 5.315183673469388026e+01 2.920000000000000000e+03
6.754081632653060829e+00 5.316204081632653100e+01 2.920000000000000000e+03
6.754081632653060829e+00 5.317224489795918885e+01 2.920000000000000000e+03
6.754081632653060829e+00 5.318244897959183959e+01 2.920000000000000000e+03
6.754081632653060829e+00 5.319265306122449033e+01 2.920000000000000000e+03
6.754081632653060829e+00 5.320285714285714818e+01 2.920000000000000000e+03
6.754081632653060829e+00 5.321306122448979892e+01 2.920000000000000000e+03
6.754081632653060829e+00 5.322326530612244966e+01 2.920000000000000000e+03
6.754081632653060829e+00 5.323346938775510750e+01 2.920000000000000000e+03
6.754081632653060829e+00 5.324367346938775825e+01 2.920000000000000000e+03
6.754081632653060829e+00 5.325387755102040899e+01 2.920000000000000000e+03
6.754081632653060829e+00 5.326408163265306683e+01 2.920000000000000000e+03
6.754081632653060829e+00 5.327428571428571757e+01 2.920000000000000000e+03
6.754081632653060829e+00 5.328448979591836832e+01 2.920000000000000000e+03
6.754081632653060829e+00 5.329469387755102616e+01 2.920000000000000000e+03
6.754081632653060829e+00 5.330489795918367690e+01 2.920000000000000000e+03
6.754081632653060829e+00 5.331510204081632764e+01 2.920000000000000000e+03
6.754081632653060829e+00 5.332530612244897839e+01 2.920000000000000000e+03
6.754081632653060829e+00 5.333551020408163623e+01 2.920000000000000000e+03
6.754081632653060829e+00 5.334571428571428697e+01 2.920000000000000000e+03
6.754081632653060829e+00 5.335591836734693771e+01 2.920000000000000000e+03
6.754081632653060829e+00 5.336612244897959556e+01 2.920000000000000000e+03
6.754081632653060829e+00 5.337632653061224630e+01 2.920000000000000000e+03
6.754081632653060829e+00 5.338653061224489704e+01 2.920000000000000000e+03
6.754081632653060829e+00 5.339673469387755489e+01 2.920000000000000000e+03
6.754081632653060829e+00 5.340693877551020563e+01 2.920000000000000000e+03
6.754081632653060829e+00 5.341714285714285637e+01 2.920000000000000000e+03
6.754081632653060829e+00 5.342734693877551422e+01 2.920000000000000000e+03
6.754081632653060829e+00 5.343755102040816496e+01 2.920000000000000000e+03
6.754081632653060829e+00 5.344775510204081570e+01 2.920000000000000000e+03
6.754081632653060829e+00 5.345795918367347355e+01 2.920000000000000000e+03
6.754081632653060829e+00 5.346816326530612429e+01 2.920000000000000000e+03
6.754081632653060829e+00 5.347836734693877503e+01 2.920000000000000000e+03
6.764285714285714235e+00 5.314163265306122952e+01 2.920000000000000000e+03
6.764285714285714235e+00 5.315183673469388026e+01 2.920000000000000000e+03
6.764285714285714235e+00 5.316204081632653100e+01 2.920000000000000000e+03
6.764285714285714235e+00 5.317224489795918885e+01 2.920000000000000000e+03
6.764285714285714235e+00 5.318244897959183959e+01 2.920000000000000000e+03
6.764285714285714235e+00 5.319265306122449033e+01 2.920000000000000000e+03
6.764285714285714235e+00 5.320285714285714818e+01 2.920000000000000000e+03
6.764285714285714235e+00 5.321306122448979892e+01 2.920000000000000000e+03
6.764285714285714235e+00 5.322326530612244966e+01 2.920000000000000000e+03
6.764285714285714235e+00 5.323346938775510750e+01 2.920000000000000000e+03
6.764285714285714235e+00 5.324367346938775825e+01 2.920000000000000000e+03
6.764285714285714235e+00 5.325387755102040899e+01 2.920000000000000000e+03
6.764285714285714235e+00 5.326408163265306683e+01 2.920000000000000000e+03
6.764285714285714235e+00 5.327428571428571757e+01 2.920000000000000000e+03
6.764285714285714235e+00 5.328448979591836832e+01 2.920000000000000000e+03
6.764285714285714235e+00 5.329469387755102616e+01 2.920000000000000000e+03
6.764285714285714235e+00 5.330489795918367690e+01 2.920000000000000000e+03
6.764285714285714235e+00 5.331510204081632764e+01 2.920000000000000000e+03
6.764285714285714235e+00 5.332530612244897839e+01 2.920000000000000000e+03
6.764285714285714235e+00 5.333551020408163623e+01 2.920000000000000000e+03
6.764285714285714235e+00 5.334571428571428697e+01 2.920000000000000000e+03
6.764285714285714235e+00 5.335591836734693771e+01 2.920000000000000000e+03
6.764285714285714235e+00 5.336612244897959556e+01 2.920000000000000000e+03
6.764285714285714235e+00 5.337632653061224630e+01 2.920000000000000000e+03
6.764285714285714235e+00 5.338653061224489704e+01 2.920000000000000000e+03
6.764285714285714235e+00 5.339673469387755489e+01 2.920000000000000000e+03
6.764285714285714235e+00 5.340693877551020563e+01 2.920000000000000000e+03
6.764285714285714235e+00 5.341714285714285637e+01 2.920000000000000000e+03
6.764285714285714235e+00 5.342734693877551422e+01 2.920000000000000000e+03
6.764285714285714235e+00 5.343755102040816496e+01 2.920000000000000000e+03
6.764285714285714235e+00 5.344775510204081570e+01 2.920000000000000000e+03
6.764285714285714235e+00 5.345795918367347355e+01 2.920000000000000000e+03
6.764285714285714235e+00 5.346816326530612429e+01 2.920000000000000000e+03
6.764285714285714235e+00 5.347836734693877503e+01 2.920000000000000000e+03
6.774489795918366752e+00 5.314163265306122952e+01 2.920000000000000000e+03
6.774489795918366752e+00 5.315183673469388026e+01 2.920000000000000000e+03
6.774489795918366752e+00 5.316204081632653100e+01 2.920000000000000000e+03
6.774489795918366752e+00 5.317224489795918885e+01 2.920000000000000000e+03
6.774489795918366752e+00 5.318244897959183959e+01 2.920000000000000000e+03
6.774489795918366752e+00 5.319265306122449033e+01 2.920000000000000000e+03
6.774489795918366752e+00 5.320285714285714818e+01 2.920000000000000000e+03
6.774489795918366752e+00 5.321306122448979892e+01 2.920000000000000000e+03
6.774489795918366752e+00 5.322326530612244966e+01 2.920000000000000000e+03
6.774489795918366752e+00 5.323346938775510750e+01 2.920000000000000000e+03
6.774489795918366752e+00 5.324367346938775825e+01 2.920000000000000000e+03
6.774489795918366752e+00 5.325387755102040899e+01 2.920000000000000000e+03
6.774489795918366752e+00 5.326408163265306683e+01 2.920000000000000000e+03
6.774489795918366752e+00 5.327428571428571757e+01 2.920000000000000000e+03
6.774489795918366752e+00 5.328448979591836832e+01 2.920000000000000000e+03
6.774489795918366752e+00 5.329469387755102616e+01 2.920000000000000000e+03
6.774489795918366752e+00 5.330489795918367690e+01 2.920000000000000000e+03
6.774489795918366752e+00 5.331510204081632764e+01 2.920000000000000000e+03
6.774489795918366752e+00 5.332530612244897839e+01 2.920000000000000000e+03
6.774489795918366752e+00 5.333551020408163623e+01 2.920000000000000000e+03
6.774489795918366752e+00 5.334571428571428697e+01 2.920000000000000000e+03
6.774489795918366752e+00 5.335591836734693771e+01 2.920000000000000000e+03
6.774489795918366752e+00 5.336612244897959556e+01 2.920000000000000000e+03
6.774489795918366752e+00 5.337632653061224630e+01 2.920000000000000000e+03
6.774489795918366752e+00 5.338653061224489704e+01 2.920000000000000000e+03
6.774489795918366752e+00 5.339673469387755489e+01 2.920000000000000000e+03
6.774489795918366752e+00 5.340693877551020563e+01 2.920000000000000000e+03
6.774489795918366752e+00 5.341714285714285637e+01 2.920000000000000000e+03
6.774489795918366752e+00 5.342734693877551422e+01 2.920000000000000000e+03
6.774489795918366752e+00 5.343755102040816496e+01 2.920000000000000000e+03
6.774489795918366752e+00 5.344775510204081570e+01 2.920000000000000000e+03
6.774489795918366752e+00 5.345795918367347355e+01 2.920000000000000000e+03
6.774489795918366752e+00 5.346816326530612429e+01 2.920000000000000000e+03
6.774489795918366752e+00 5.347836734693877503e+01 2.920000000000000000e+03
6.784693877551020158e+00 5.313142857142857167e+01 2.920000000000000000e+03
6.784693877551020158e+00 5.314163265306122952e+01 2.920000000000000000e+03
6.784693877551020158e+00 5.315183673469388026e+01 2.920000000000000000e+03
6.784693877551020158e+00 5.316204081632653100e+01 2.920000000000000000e+03
6.784693877551020158e+00 5.317224489795918885e+01 2.920000000000000000e+03
6.784693877551020158e+00 5.318244897959183959e+01 2.920000000000000000e+03
6.784693877551020158e+00 5.319265306122449033e+01 2.920000000000000000e+03
6.784693877551020158e+00 5.320285714285714818e+01 2.920000000000000000e+03
6.784693877551020158e+00 5.321306122448979892e+01 2.920000000000000000e+03
6.784693877551020158e+00 5.322326530612244966e+01 2.920000000000000000e+03
6.784693877551020158e+00 5.323346938775510750e+01 2.920000000000000000e+03
6.784693877551020158e+00 5.324367346938775825e+01 2.920000000000000000e+03
6.784693877551020158e+00 5.325387755102040899e+01 2.920000000000000000e+03
6.784693877551020158e+00 5.326408163265306683e+01 2.920000000000000000e+03
6.784693877551020158e+00 5.327428571428571757e+01 2.920000000000000000e+03
6.784693877551020158e+00 5.328448979591836832e+01 2.920000000000000000e+03
6.784693877551020158e+00 5.329469387755102616e+01 2.920000000000000000e+03
6.784693877551020158e+00 5.330489795918367690e+01 2.920000000000000000e+03
6.784693877551020158e+00 5.331510204081632764e+01 2.920000000000000000e+03
6.784693877551020158e+00 5.332530612244897839e+01 2.920000000000000000e+03
6.784693877551020158e+00 5.333551020408163623e+01 2.920000000000000000e+03
6.784693877551020158e+00 5.334571428571428697e+01 2.920000000000000000e+03
6.784693877551020158e+00 5.335591836734693771e+01 2.920000000000000000e+03
6.784693877551020158e+00 5.336612244897959556e+01 2.920000000000000000e+03
6.784693877551020158e+00 5.337632653061224630e+01 2.920000000000000000e+03
6.784693877551020158e+00 5.338653061224489704e+01 2.920000000000000000e+03
6.784693877551020158e+00 5.339673469387755489e+01 2.920000000000000000e+03
6.784693877551020158e+00 5.340693877551020563e+01 2.920000000000000000e+03
6.784693877551020158e+00 5.341714285714285637e+01 2.920000000000000000e+03
6.784693877551020158e+00 5.342734693877551422e+01 2.920000000000000000e+03
6.784693877551020158e+00 5.343755102040816496e+01 2.920000000000000000e+03
6.784693877551020158e+00 5.344775510204081570e+01 2.920000000000000000e+03
6.784693877551020158e+00 5.345795918367347355e+01 2.920000000000000000e+03
6.784693877551020158e+00 5.346816326530612429e+01 2.920000000000000000e+03
6.784693877551020158e+00 5.347836734693877503e+01 2.920000000000000000e+03
6.784693877551020158e+00 5.348857142857143288e+01 2.920000000000000000e+03
6.794897959183673564e+00 5.313142857142857167e+01 2.920000000000000000e+03
6.794897959183673564e+00 5.314163265306122952e+01 2.920000000000000000e+03
6.794897959183673564e+00 5.315183673469388026e+01 2.920000000000000000e+03
6.794897959183673564e+00 5.316204081632653100e+01 2.920000000000000000e+03
6.794897959183673564e+00 5.317224489795918885e+01 2.920000000000000000e+03
6.794897959183673564e+00 5.318244897959183959e+01 2.920000000000000000e+03
6.794897959183673564e+00 5.319265306122449033e+01 2.920000000000000000e+03
6.794897959183673564e+00 5.320285714285714818e+01 2.920000000000000000e+03
6.794897959183673564e+00 5.321306122448979892e+01 2.920000000000000000e+03
6.794897959183673564e+00 5.322326530612244966e+01 2.920000000000000000e+03
6.794897959183673564e+00 5.323346938775510750e+01 2.920000000000000000e+03
6.794897959183673564e+00 5.324367346938775825e+01 2.920000000000000000e+03
6.794897959183673564e+00 5.325387755102040899e+01 2.920000000000000000e+03
6.794897959183673564e+00 5.326408163265306683e+01 2.920000000000000000e+03
6.794897959183673564e+00 5.327428571428571757e+01 2.920000000000000000e+03
6.794897959183673564e+00 5.328448979591836832e+01 2.920000000000000000e+03
6.794897959183673564e+00 5.329469387755102616e+01 2.920000000000000000e+03
6.794897959183673564e+00 5.330489795918367690e+01 2.920000000000000000e+03
6.794897959183673564e+00 5.331510204081632764e+01 2.920000000000000000e+03
6.794897959183673564e+00 5.332530612244897839e+01 2.920000000000000000e+03
6.794897959183673564e+00 5.333551020408163623e+01 2.920000000000000000e+03
6.794897959183673564e+00 5.334571428571428697e+01 2.920000000000000000e+03
6.794897959183673564e+00 5.335591836734693771e+01 2.920000000000000000e+03
6.794897959183673564e+00 5.336612244897959556e+01 2.920000000000000000e+03
6.794897959183673564e+00 5.337632653061224630e+01 2.920000000000000000e+03
6.794897959183673564e+00 5.338653061224489704e+01 2.920000000000000000e+03
6.794897959183673564e+00 5.339673469387755489e+01 2.920000000000000000e+03
6.794897959183673564e+00 5.340693877551020563e+01 2.920000000000000000e+03
6.794897959183673564e+00 5.341714285714285637e+01 2.920000000000000000e+03
6.794897959183673564e+00 5.342734693877551422e+01 2.920000000000000000e+03
6.794897959183673564e+00 5.343755102040816496e+01 2.920000000000000000e+03
6.794897959183673564e+00 5.344775510204081570e+01 2.920000000000000000e+03
6.794897959183673564e+00 5.345795918367347355e+01 2.920000000000000000e+03
6.794897959183673564e+00 5.346816326530612429e+01 2.920000000000000000e+03
6.794897959183673564e+00 5.347836734693877503e+01 2.920000000000000000e+03
6.794897959183673564e+00 5.348857142857143288e+01 2.920000000000000000e+03
6.805102040816326081e+00 5.313142857142857167e+01 2.920000000000000000e+03
6.805102040816326081e+00 5.314163265306122952e+01 2.920000000000000000e+03
6.805102040816326081e+00 5.315183673469388026e+01 2.920000000000000000e+03
6.805102040816326081e+00 5.316204081632653100e+01 2.920000000000000000e+03
6.805102040816326081e+00 5.317224489795918885e+01 2.920000000000000000e+03
6.805102040816326081e+00 5.318244897959183959e+01 2.920000000000000000e+03
6.805102040816326081e+00 5.319265306122449033e+01 2.920000000000000000e+03
6.805102040816326081e+00 5.320285714285714818e+01 2.920000000000000000e+03
6.805102040816326081e+00 5.321306122448979892e+01 2.920000000000000000e+03
6.805102040816326081e+00 5.322326530612244966e+01 2.920000000000000000e+03
6.805102040816326081e+00 5.323346938775510750e+01 2.920000000000000000e+03
6.805102040816326081e+00 5.324367346938775825e+01 2.920000000000000000e+03
6.805102040816326081e+00 5.325387755102040899e+01 2.920000000000000000e+03
6.805102040816326081e+00 5.326408163265306683e+01 2.920000000000000000e+03
6.805102040816326081e+00 5.327428571428571757e+01 2.920000000000000000e+03
6.805102040816326081e+00 5.328448979591836832e+01 2.920000000000000000e+03
6.805102040816326081e+00 5.329469387755102616e+01 2.920000000000000000e+03
6.805102040816326081e+00 5.330489795918367690e+01 2.920000000000000000e+03
6.805102040816326081e+00 5.331510204081632764e+01 2.920000000000000000e+03
6.805102040816326081e+00 5.332530612244897839e+01 2.920000000000000000e+03
6.805102040816326081e+00 5.333551020408163623e+01 2.920000000000000000e+03
6.805102040816326081e+00 5.334571428571428697e+01 2.920000000000000000e+03
6.805102040816326081e+00 5.335591836734693771e+01 2.920000000000000000e+03
6.805102040816326081e+00 5.336612244897959556e+01 2.920000000000000000e+03
6.805102040816326081e+00 5.337632653061224630e+01 2.920000000000000000e+03
6.805102040816326081e+00 5.338653061224489704e+01 2.920000000000000000e+03
6.805102040816326081e+00 5.339673469387755489e+01 2.920000000000000000e+03
6.805102040816326081e+00 5.340693877551020563e+01 2.920000000000000000e+03
6.805102040816326081e+00 5.341714285714285637e+01 2.920000000000000000e+03
6.805102040816326081e+00 5.342734693877551422e+01 2.920000000000000000e+03
6.805102040816326081e+00 5.343755102040816496e+01 2.920000000000000000e+03
6.805102040816326081e+00 5.344775510204081570e+01 2.920000000000000000e+03
6.805102040816326081e+00 5.345795918367347355e+01 2.920000000000000000e+03
6.805102040816326081e+00 5.346816326530612429e+01 2.920000000000000000e+03
6.805102040816326081e+00 5.347836734693877503e+01 2.920000000000000000e+03
6.805102040816326081e+00 5.348857142857143288e+01 2.920000000000000000e+03
6.815306122448979487e+00 5.313142857142857167e+01 2.920000000000000000e+03
6.815306122448979487e+00 5.314163265306122952e+01 2.920000000000000000e+03
6.815306122448979487e+00 5.315183673469388026e+01 2.920000000000000000e+03
6.815306122448979487e+00 5.316204081632653100e+01 2.920000000000000000e+03
6.815306122448979487e+00 5.317224489795918885e+01 2.920000000000000000e+03
6.815306122448979487e+00 5.318244897959183959e+01 2.920000000000000000e+03
6.815306122448979487e+00 5.319265306122449033e+01 2.920000000000000000e+03
6.815306122448979487e+00 5.320285714285714818e+01 2.920000000000000000e+03
6.815306122448979487e+00 5.321306122448979892e+01 2.920000000000000000e+03
6.815306122448979487e+00 5.322326530612244966e+01 2.920000000000000000e+03
6.815306122448979487e+00 5.323346938775510750e+01 2.920000000000000000e+03
6.815306122448979487e+00 5.324367346938775825e+01 2.920000000000000000e+03
6.815306122448979487e+00 5.325387755102040899e+01 2.920000000000000000e+03
6.815306122448979487e+00 5.326408163265306683e+01 2.920000000000000000e+03
6.815306122448979487e+00 5.327428571428571757e+01 2.920000000000000000e+03
6.815306122448979487e+00 5.328448979591836832e+01 2.920000000000000000e+03
6.815306122448979487e+00 5.329469387755102616e+01 2.920000000000000000e+03
6.815306122448979487e+00 5.330489795918367690e+01 2.920000000000000000e+03
6.815306122448979487e+00 5.331510204081632764e+01 2.920000000000000000e+03
6.815306122448979487e+00 5.332530612244897839e+01 2.920000000000000000e+03
6.815306122448979487e+00 5.333551020408163623e+01 2.920000000000000000e+03
6.815306122448979487e+00 5.334571428571428697e+01 2.920000000000000000e+03
6.815306122448979487e+00 5.335591836734693771e+01 2.920000000000000000e+03
6.815306122448979487e+00 5.336612244897959556e+01 2.920000000000000000e+03
6.815306122448979487e+00 5.337632653061224630e+01 2.920000000000000000e+03
6.815306122448979487e+00 5.338653061224489704e+01 2.920000000000000000e+03
6.815306122448979487e+00 5.339673469387755489e+01 2.920000000000000000e+03
6.815306122448979487e+00 5.340693877551020563e+01 2.920000000000000000e+03
6.815306122448979487e+00 5.341714285714285637e+01 2.920000000000000000e+03
6.815306122448979487e+00 5.342734693877551422e+01 2.920000000000000000e+03
6.815306122448979487e+00 5.343755102040816496e+01 2.920000000000000000e+03
6.815306122448979487e+00 5.344775510204081570e+01 2.920000000000000000e+03
6.815306122448979487e+00 5.345795918367347355e+01 2.920000000000000000e+03
6.815306122448979487e+00 5.346816326530612429e+01 2.920000000000000000e+03
6.815306122448979487e+00 5.347836734693877503e+01 2.920000000000000000e+03
6.815306122448979487e+00 5.348857142857143288e+01 2.920000000000000000e+03
6.825510204081632892e+00 5.314163265306122952e+01 2.920000000000000000e+03
6.825510204081632892e+00 5.315183673469388026e+01 2.920000000000000000e+03
6.825510204081632892e+00 5.316204081632653100e+01 2.920000000000000000e+03
6.825510204081632892e+00 5.317224489795918885e+01 2.920000000000000000e+03
6.825510204081632892e+00 5.318244897959183959e+01 2.920000000000000000e+03
6.825510204081632892e+00 5.319265306122449033e+01 2.920000000000000000e+03
6.825510204081632892e+00 5.320285714285714818e+01 2.920000000000000000e+03
6.825510204081632892e+00 5.321306122448979892e+01 2.920000000000000000e+03
6.825510204081632892e+00 5.322326530612244966e+01 2.920000000000000000e+03
6.825510204081632892e+00 5.323346938775510750e+01 2.920000000000000000e+03
6.825510204081632892e+00 5.324367346938775825e+01 2.920000000000000000e+03
6.825510204081632892e+00 5.325387755102040899e+01 2.920000000000000000e+03
6.825510204081632892e+00 5.326408163265306683e+01 2.920000000000000000e+03
6.825510204081632892e+00 5.327428571428571757e+01 2.920000000000000000e+03
6.825510204081632892e+00 5.328448979591836832e+01 2.920000000000000000e+03
6.825510204081632892e+00 5.329469387755102616e+01 2.920000000000000000e+03
6.825510204081632892e+00 5.330489795918367690e+01 2.920000000000000000e+03
6.825510204081632892e+00 5.331510204081632764e+01 2.920000000000000000e+03
6.825510204081632892e+00 5.332530612244897839e+01 2.920000000000000000e+03
6.825510204081632892e+00 5.333551020408163623e+01 2.920000000000000000e+03
6.825510204081632892e+00 5.334571428571428697e+01 2.920000000000000000e+03
6.825510204081632892e+00 5.335591836734693771e+01 2.920000000000000000e+03
6.825510204081632892e+00 5.336612244897959556e+01 2.920000000000000000e+03
6.825510204081632892e+00 5.337632653061224630e+01 2.920000000000000000e+03
6.825510204081632892e+00 5.338653061224489704e+01 2.920000000000000000e+03
6.825510204081632892e+00 5.339673469387755489e+01 2.920000000000000000e+03
6.825510204081632892e+00 5.340693877551020563e+01 2.920000000000000000e+03
6.825510204081632892e+00 5.341714285714285637e+01 2.920000000000000000e+03
6.825510204081632892e+00 5.342734693877551422e+01 2.920000000000000000e+03
6.825510204081632892e+00 5.343755102040816496e+01 2.920000000000000000e+03
6.825510204081632892e+00 5.344775510204081570e+01 2.920000000000000000e+03
6.825510204081632892e+00 5.345795918367347355e+01 2.920000000000000000e+03
6.825510204081632892e+00 5.346816326530612429e+01 2.920000000000000000e+03
6.825510204081632892e+00 5.347836734693877503e+01 2.920000000000000000e+03
6.835714285714285410e+00 5.314163265306122952e+01 2.920000000000000000e+03
6.835714285714285410e+00 5.315183673469388026e+01 2.920000000000000000e+03
6.835714285714285410e+00 5.316204081632653100e+01 2.920000000000000000e+03
6.835714285714285410e+00 5.317224489795918885e+01 2.920000000000000000e+03
6.835714285714285410e+00 5.318244897959183959e+01 2.920000000000000000e+03
6.835714285714285410e+00 5.319265306122449033e+01 2.920000000000000000e+03
6.835714285714285410e+00 5.320285714285714818e+01 2.920000000000000000e+03
6.835714285714285410e+00 5.321306122448979892e+01 2.920000000000000000e+03
6.835714285714285410e+00 5.322326530612244966e+01 2.920000000000000000e+03
6.835714285714285410e+00 5.323346938775510750e+01 2.920000000000000000e+03
6.835714285714285410e+00 5.324367346938775825e+01 2.920000000000000000e+03
6.835714285714285410e+00 5.325387755102040899e+01 2.920000000000000000e+03
6.835714285714285410e+00 5.326408163265306683e+01 2.920000000000000000e+03
6.835714285714285410e+00 5.327428571428571757e+01 2.920000000000000000e+03
6.835714285714285410e+00 5.328448979591836832e+01 2.920000000000000000e+03
6.835714285714285410e+00 5.329469387755102616e+01 2.920000000000000000e+03
6.835714285714285410e+00 5.330489795918367690e+01 2.920000000000000000e+03
6.835714285714285410e+00 5.331510204081632764e+01 2.920000000000000000e+03
6.835714285714285410e+00 5.332530612244897839e+01 2.920000000000000000e+03
6.835714285714285410e+00 5.333551020408163623e+01 2.920000000000000000e+03
6.835714285714285410e+00 5.334571428571428697e+01 2.920000000000000000e+03
6.835714285714285410e+00 5.335591836734693771e+01 2.920000000000000000e+03
6.835714285714285410e+00 5.336612244897959556e+01 2.920000000000000000e+03
6.835714285714285410e+00 5.337632653061224630e+01 2.920000000000000000e+03
6.835714285714285410e+00 5.338653061224489704e+01 2.920000000000000000e+03
6.835714285714285410e+00 5.339673469387755489e+01 2.920000000000000000e+03
6.835714285714285410e+00 5.340693877551020563e+01 2.920000000000000000e+03
6.835714285714285410e+00 5.341714285714285637e+01 2.920000000000000000e+03
6.835714285714285410e+00 5.342734693877551422e+01 2.920000000000000000e+03
6.835714285714285410e+00 5.343755102040816496e+01 2.920000000000000000e+03
6.835714285714285410e+00 5.344775510204081570e+01 2.920000000000000000e+03
6.835714285714285410e+00 5.345795918367347355e+01 2.920000000000000000e+03
6.835714285714285410e+00 5.346816326530612429e+01 2.920000000000000000e+03
6.835714285714285410e+00 5.347836734693877503e+01 2.920000000000000000e+03
6.845918367346938815e+00 5.314163265306122952e+01 2.920000000000000000e+03
6.845918367346938815e+00 5.315183673469388026e+01 2.920000000000000000e+03
6.845918367346938815e+00 5.316204081632653100e+01 2.920000000000000000e+03
6.845918367346938815e+00 5.317224489795918885e+01 2.920000000000000000e+03
6.845918367346938815e+00 5.318244897959183959e+01 2.920000000000000000e+03
6.845918367346938815e+00 5.319265306122449033e+01 2.920000000000000000e+03
6.845918367346938815e+00 5.320285714285714818e+01 2.920000000000000000e+03
6.845918367346938815e+00 5.321306122448979892e+01 2.920000000000000000e+03
6.845918367346938815e+00 5.322326530612244966e+01 2.920000000000000000e+03
6.845918367346938815e+00 5.323346938775510750e+01 2.920000000000000000e+03
6.845918367346938815e+00 5.324367346938775825e+01 2.920000000000000000e+03
6.845918367346938815e+00 5.325387755102040899e+01 2.920000000000000000e+03
6.845918367346938815e+00 5.326408163265306683e+01 2.920000000000000000e+03
6.845918367346938815e+00 5.327428571428571757e+01 2.920000000000000000e+03
6.845918367346938815e+00 5.328448979591836832e+01 2.920000000000000000e+03
6.845918367346938815e+00 5.329469387755102616e+01 2.920000000000000000e+03
6.845918367346938815e+00 5.330489795918367690e+01 2.920000000000000000e+03
6.845918367346938815e+00 5.331510204081632764e+01 2.920000000000000000e+03
6.845918367346938815e+00 5.332530612244897839e+01 2.920000000000000000e+03
6.845918367346938815e+00 5.333551020408163623e+01 2.920000000000000000e+03
6.845918367346938815e+00 5.334571428571428697e+01 2.920000000000000000e+03
6.845918367346938815e+00 5.335591836734693771e+01 2.920000000000000000e+03
6.845918367346938815e+00 5.336612244897959556e+01 2.920000000000000000e+03
6.845918367346938815e+00 5.337632653061224630e+01 2.920000000000000000e+03
6.845918367346938815e+00 5.338653061224489704e+01 2.920000000000000000e+03
6.845918367346938815e+00 5.339673469387755489e+01 2.920000000000000000e+03
6.845918367346938815e+00 5.340693877551020563e+01 2.920000000000000000e+03
6.845918367346938815e+00 5.341714285714285637e+01 2.920000000000000000e+03
6.845918367346938815e+00 5.342734693877551422e+01 2.920000000000000000e+03
6.845918367346938815e+00 5.343755102040816496e+01 2.920000000000000000e+03
6.845918367346938815e+00 5.344775510204081570e+01 2.920000000000000000e+03
6.845918367346938815e+00 5.345795918367347355e+01 2.920000000000000000e+03
6.845918367346938815e+00 5.346816326530612429e+01 2.920000000000000000e+03
6.845918367346938815e+00 5.347836734693877503e+01 2.920000000000000000e+03
6.856122448979591333e+00 5.314163265306122952e+01 2.920000000000000000e+03
6.856122448979591333e+00 5.315183673469388026e+01 2.920000000000000000e+03
6.856122448979591333e+00 5.316204081632653100e+01 2.920000000000000000e+03
6.856122448979591333e+00 5.317224489795918885e+01 2.920000000000000000e+03
6.856122448979591333e+00 5.318244897959183959e+01 2.920000000000000000e+03
6.856122448979591333e+00 5.319265306122449033e+01 2.920000000000000000e+03
6.856122448979591333e+00 5.320285714285714818e+01 2.920000000000000000e+03
6.856122448979591333e+00 5.321306122448979892e+01 2.920000000000000000e+03
6.856122448979591333e+00 5.322326530612244966e+01 2.920000000000000000e+03
6.856122448979591333e+00 5.323346938775510750e+01 2.920000000000000000e+03
6.856122448979591333e+00 5.324367346938775825e+01 2.920000000000000000e+03
6.856122448979591333e+00 5.325387755102040899e+01 2.920000000000000000e+03
6.856122448979591333e+00 5.326408163265306683e+01 2.920000000000000000e+03
6.856122448979591333e+00 5.327428571428571757e+01 2.920000000000000000e+03
6.856122448979591333e+00 5.328448979591836832e+01 2.920000000000000000e+03
6.856122448979591333e+00 5.329469387755102616e+01 2.920000000000000000e+03
6.856122448979591333e+00 5.330489795918367690e+01 2.920000000000000000e+03
6.856122448979591333e+00 5.331510204081632764e+01 2.920000000000000000e+03
6.856122448979591333e+00 5.332530612244897839e+01 2.920000000000000000e+03
6.856122448979591333e+00 5.333551020408163623e+01 2.920000000000000000e+03
6.856122448979591333e+00 5.334571428571428697e+01 2.920000000000000000e+03
6.856122448979591333e+00 5.335591836734693771e+01 2.920000000000000000e+03
6.856122448979591333e+00 5.336612244897959556e+01 2.920000000000000000e+03
6.856122448979591333e+00 5.337632653061224630e+01 2.920000000000000000e+03
6.856122448979591333e+00 5.338653061224489704e+01 2.920000000000000000e+03
6.856122448979591333e+00 5.339673469387755489e+01 2.920000000000000000e+03
6.856122448979591333e+00 5.340693877551020563e+01 2.920000000000000000e+03
6.856122448979591333e+00 5.341714285714285637e+01 2.920000000000000000e+03
6.856122448979591333e+00 5.342734693877551422e+01 2.920000000000000000e+03
6.856122448979591333e+00 5.343755102040816496e+01 2.920000000000000000e+03
6.856122448979591333e+00 5.344775510204081570e+01 2.920000000000000000e+03
6.856122448979591333e+00 5.345795918367347355e+01 2.920000000000000000e+03
6.856122448979591333e+00 5.346816326530612429e+01 2.920000000000000000e+03
6.856122448979591333e+00 5.347836734693877503e+01 2.920000000000000000e+03
6.866326530612244738e+00 5.315183673469388026e+01 2.920000000000000000e+03
6.866326530612244738e+00 5.316204081632653100e+01 2.920000000000000000e+03
6.866326530612244738e+00 5.317224489795918885e+01 2.920000000000000000e+03
6.866326530612244738e+00 5.318244897959183959e+01 2.920000000000000000e+03
6.866326530612244738e+00 5.319265306122449033e+01 2.920000000000000000e+03
6.866326530612244738e+00 5.320285714285714818e+01 2.920000000000000000e+03
6.866326530612244738e+00 5.321306122448979892e+01 2.920000000000000000e+03
6.866326530612244738e+00 5.322326530612244966e+01 2.920000000000000000e+03
6.866326530612244738e+00 5.323346938775510750e+01 2.920000000000000000e+03
6.866326530612244738e+00 5.324367346938775825e+01 2.920000000000000000e+03
6.866326530612244738e+00 5.325387755102040899e+01 2.920000000000000000e+03
6.866326530612244738e+00 5.326408163265306683e+01 2.920000000000000000e+03
6.866326530612244738e+00 5.327428571428571757e+01 2.920000000000000000e+03
6.866326530612244738e+00 5.328448979591836832e+01 2.920000000000000000e+03
6.866326530612244738e+00 5.329469387755102616e+01 2.920000000000000000e+03
6.866326530612244738e+00 5.330489795918367690e+01 2.920000000000000000e+03
6.866326530612244738e+00 5.331510204081632764e+01 2.920000000000000000e+03
6.866326530612244738e+00 5.332530612244897839e+01 2.920000000000000000e+03
6.866326530612244738e+00 5.333551020408163623e+01 2.920000000000000000e+03
6.866326530612244738e+00 5.334571428571428697e+01 2.920000000000000000e+03
6.866326530612244738e+00 5.335591836734693771e+01 2.920000000000000000e+03
6.866326530612244738e+00 5.336612244897959556e+01 2.920000000000000000e+03
6.866326530612244738e+00 5.337632653061224630e+01 2.920000000000000000e+03
6.866326530612244738e+00 5.338653061224489704e+01 2.920000000000000000e+03
6.866326530612244738e+00 5.339673469387755489e+01 2.920000000000000000e+03
6.866326530612244738e+00 5.340693877551020563e+01 2.920000000000000000e+03
6.866326530612244738e+00 5.341714285714285637e+01 2.920000000000000000e+03
6.866326530612244738e+00 5.342734693877551422e+01 2.920000000000000000e+03
6.866326530612244738e+00 5.343755102040816496e+01 2.920000000000000000e+03
6.866326530612244738e+00 5.344775510204081570e+01 2.920000000000000000e+03
6.866326530612244738e+00 5.345795918367347355e+01 2.920000000000000000e+03
6.866326530612244738e+00 5.346816326530612429e+01 2.920000000000000000e+03
6.876530612244898144e+00 5.315183673469388026e+01 2.920000000000000000e+03
6.876530612244898144e+00 5.316204081632653100e+01 2.920000000000000000e+03
6.876530612244898144e+00 5.317224489795918885e+01 2.920000000000000000e+03
6.876530612244898144e+00 5.318244897959183959e+01 2.920000000000000000e+03
6.876530612244898144e+00 5.319265306122449033e+01 2.920000000000000000e+03
6.876530612244898144e+00 5.320285714285714818e+01 2.920000000000000000e+03
6.876530612244898144e+00 5.321306122448979892e+01 2.920000000000000000e+03
6.876530612244898144e+00 5.322326530612244966e+01 2.920000000000000000e+03
6.876530612244898144e+00 5.323346938775510750e+01 2.920000000000000000e+03
6.876530612244898144e+00 5.324367346938775825e+01 2.920000000000000000e+03
6.876530612244898144e+00 5.325387755102040899e+01 2.920000000000000000e+03
6.876530612244898144e+00 5.326408163265306683e+01 2.920000000000000000e+03
6.876530612244898144e+00 5.327428571428571757e+01 2.920000000000000000e+03
6.876530612244898144e+00 5.328448979591836832e+01 2.920000000000000000e+03
6.876530612244898144e+00 5.329469387755102616e+01 2.920000000000000000e+03
6.876530612244898144e+00 5.330489795918367690e+01 2.920000000000000000e+03
6.876530612244898144e+00 5.331510204081632764e+01 2.920000000000000000e+03
6.876530612244898144e+00 5.332530612244897839e+01 2.920000000000000000e+03
6.876530612244898144e+00 5.333551020408163623e+01 2.920000000000000000e+03
6.876530612244898144e+00 5.334571428571428697e+01 2.920000000000000000e+03
6.876530612244898144e+00 5.335591836734693771e+01 2.920000000000000000e+03
6.876530612244898144e+00 5.336612244897959556e+01 2.920000000000000000e+03
6.876530612244898144e+00 5.337632653061224630e+01 2.920000000000000000e+03
6.876530612244898144e+00 5.338653061224489704e+01 2.920000000000000000e+03
6.876530612244898144e+00 5.339673469387755489e+01 2.920000000000000000e+03
6.876530612244898144e+00 5.340693877551020563e+01 2.920000000000000000e+03
6.876530612244898144e+00 5.341714285714285637e+01 2.920000000000000000e+03
6.876530612244898144e+00 5.342734693877551422e+01 2.920000000000000000e+03
6.876530612244898144e+00 5.343755102040816496e+01 2.920000000000000000e+03
6.876530612244898144e+00 5.344775510204081570e+01 2.920000000000000000e+03
6.876530612244898144e+00 5.345795918367347355e+01 2.920000000000000000e+03
6.876530612244898144e+00 5.346816326530612429e+01 2.920000000000000000e+03
6.886734693877550662e+00 5.316204081632653100e+01 2.920000000000000000e+03
6.886734693877550662e+00 5.317224489795918885e+01 2.920000000000000000e+03
6.886734693877550662e+00 5.318244897959183959e+01 2.920000000000000000e+03
6.886734693877550662e+00 5.319265306122449033e+01 2.920000000000000000e+03
6.886734693877550662e+00 5.320285714285714818e+01 2.920000000000000000e+03
6.886734693877550662e+00 5.321306122448979892e+01 2.920000000000000000e+03
6.886734693877550662e+00 5.322326530612244966e+01 2.920000000000000000e+03
6.886734693877550662e+00 5.323346938775510750e+01 2.920000000000000000e+03
6.886734693877550662e+00 5.324367346938775825e+01 2.920000000000000000e+03
6.886734693877550662e+00 5.325387755102040899e+01 2.920000000000000000e+03
6.886734693877550662e+00 5.326408163265306683e+01 2.920000000000000000e+03
6.886734693877550662e+00 5.327428571428571757e+01 2.920000000000000000e+03
6.886734693877550662e+00 5.328448979591836832e+01 2.920000000000000000e+03
6.886734693877550662e+00 5.329469387755102616e+01 2.920000000000000000e+03
6.886734693877550662e+00 5.330489795918367690e+01 2.920000000000000000e+03
6.886734693877550662e+00 5.331510204081632764e+01 2.920000000000000000e+03
6.886734693877550662e+00 5.332530612244897839e+01 2.920000000000000000e+03
6.886734693877550662e+00 5.333551020408163623e+01 2.920000000000000000e+03
6.886734693877550662e+00 5.334571428571428697e+01 2.920000000000000000e+03
6.886734693877550662e+00 5.335591836734693771e+01 2.920000000000000000e+03
6.886734693877550662e+00 5.336612244897959556e+01 2.920000000000000000e+03
6.886734693877550662e+00 5.337632653061224630e+01 2.920000000000000000e+03
6.886734693877550662e+00 5.338653061224489704e+01 2.920000000000000000e+03
6.886734693877550662e+00 5.339673469387755489e+01 2.920000000000000000e+03
6.886734693877550662e+00 5.340693877551020563e+01 2.920000000000000000e+03
6.886734693877550662e+00 5.341714285714285637e+01 2.920000000000000000e+03
6.886734693877550662e+00 5.342734693877551422e+01 2.920000000000000000e+03
6.886734693877550662e+00 5.343755102040816496e+01 2.920000000000000000e+03
6.886734693877550662e+00 5.344775510204081570e+01 2.920000000000000000e+03
6.886734693877550662e+00 5.345795918367347355e+01 2.920000000000000000e+03
6.896938775510204067e+00 5.316204081632653100e+01 2.920000000000000000e+03
6.896938775510204067e+00 5.317224489795918885e+01 2.920000000000000000e+03
6.896938775510204067e+00 5.318244897959183959e+01 2.920000000000000000e+03
6.896938775510204067e+00 5.319265306122449033e+01 2.920000000000000000e+03
6.896938775510204067e+00 5.320285714285714818e+01 2.920000000000000000e+03
6.896938775510204067e+00 5.321306122448979892e+01 2.920000000000000000e+03
6.896938775510204067e+00 5.322326530612244966e+01 2.920000000000000000e+03
6.896938775510204067e+00 5.323346938775510750e+01 2.920000000000000000e+03
6.896938775510204067e+00 5.324367346938775825e+01 2.920000000000000000e+03
6.896938775510204067e+00 5.325387755102040899e+01 2.920000000000000000e+03
6.896938775510204067e+00 5.326408163265306683e+01 2.920000000000000000e+03
6.896938775510204067e+00 5.327428571428571757e+01 2.920000000000000000e+03
6.896938775510204067e+00 5.328448979591836832e+01 2.920000000000000000e+03
6.896938775510204067e+00 5.329469387755102616e+01 2.920000000000000000e+03
6.896938775510204067e+00 5.330489795918367690e+01 2.920000000000000000e+03
6.896938775510204067e+00 5.331510204081632764e+01 2.920000000000000000e+03
6.896938775510204067e+00 5.332530612244897839e+01 2.920000000000000000e+03
6.896938775510204067e+00 5.333551020408163623e+01 2.920000000000000000e+03
6.896938775510204067e+00 5.334571428571428697e+01 2.920000000000000000e+03
6.896938775510204067e+00 5.335591836734693771e+01 2.920000000000000000e+03
6.896938775510204067e+00 5.336612244897959556e+01 2.920000000000000000e+03
6.896938775510204067e+00 5.337632653061224630e+01 2.920000000000000000e+03
6.896938775510204067e+00 5.338653061224489704e+01 2.920000000000000000e+03
6.896938775510204067e+00 5.339673469387755489e+01 2.920000000000000000e+03
6.896938775510204067e+00 5.340693877551020563e+01 2.920000000000000000e+03
6.896938775510204067e+00 5.341714285714285637e+01 2.920000000000000000e+03
6.896938775510204067e+00 5.342734693877551422e+01 2.920000000000000000e+03
6.896938775510204067e+00 5.343755102040816496e+01 2.920000000000000000e+03
6.896938775510204067e+00 5.344775510204081570e+01 2.920000000000000000e+03
6.896938775510204067e+00 5.345795918367347355e+01 2.920000000000000000e+03
6.907142857142856585e+00 5.317224489795918885e+01 2.920000000000000000e+03
6.907142857142856585e+00 5.318244897959183959e+01 2.920000000000000000e+03
6.907142857142856585e+00 5.319265306122449033e+01 2.920000000000000000e+03
6.907142857142856585e+00 5.320285714285714818e+01 2.920000000000000000e+03
6.907142857142856585e+00 5.321306122448979892e+01 2.920000000000000000e+03
6.907142857142856585e+00 5.322326530612244966e+01 2.920000000000000000e+03
6.907142857142856585e+00 5.323346938775510750e+01 2.920000000000000000e+03
6.907142857142856585e+00 5.324367346938775825e+01 2.920000000000000000e+03
6.907142857142856585e+00 5.325387755102040899e+01 2.920000000000000000e+03
6.907142857142856585e+00 5.326408163265306683e+01 2.920000000000000000e+03
6.907142857142856585e+00 5.327428571428571757e+01 2.920000000000000000e+03
6.907142857142856585e+00 5.328448979591836832e+01 2.920000000000000000e+03
6.907142857142856585e+00 5.329469387755102616e+01 2.920000000000000000e+03
6.907142857142856585e+00 5.330489795918367690e+01 2.920000000000000000e+03
6.907142857142856585e+00 5.331510204081632764e+01 2.920000000000000000e+03
6.907142857142856585e+00 5.332530612244897839e+01 2.920000000000000000e+03
6.907142857142856585e+00 5.333551020408163623e+01 2.920000000000000000e+03
6.907142857142856585e+00 5.334571428571428697e+01 2.920000000000000000e+03
6.907142857142856585e+00 5.335591836734693771e+01 2.920000000000000000e+03
6.907142857142856585e+00 5.336612244897959556e+01 2.920000000000000000e+03
6.907142857142856585e+00 5.337632653061224630e+01 2.920000000000000000e+03
6.907142857142856585e+00 5.338653061224489704e+01 2.920000000000000000e+03
6.907142857142856585e+00 5.339673469387755489e+01 2.920000000000000000e+03
6.907142857142856585e+00 5.340693877551020563e+01 2.920000000000000000e+03
6.907142857142856585e+00 5.341714285714285637e+01 2.920000000000000000e+03
6.907142857142856585e+00 5.342734693877551422e+01 2.920000000000000000e+03
6.907142857142856585e+00 5.343755102040816496e+01 2.920000000000000000e+03
6.907142857142856585e+00 5.344775510204081570e+01 2.920000000000000000e+03
6.917346938775509990e+00 5.318244897959183959e+01 2.920000000000000000e+03
6.917346938775509990e+00 5.319265306122449033e+01 2.920000000000000000e+03
6.917346938775509990e+00 5.320285714285714818e+01 2.920000000000000000e+03
6.917346938775509990e+00 5.321306122448979892e+01 2.920000000000000000e+03
6.917346938775509990e+00 5.322326530612244966e+01 2.920000000000000000e+03
6.917346938775509990e+00 5.323346938775510750e+01 2.920000000000000000e+03
6.917346938775509990e+00 5.324367346938775825e+01 2.920000000000000000e+03
6.917346938775509990e+00 5.325387755102040899e+01 2.920000000000000000e+03
6.917346938775509990e+00 5.326408163265306683e+01 2.920000000000000000e+03
6.917346938775509990e+00 5.327428571428571757e+01 2.920000000000000000e+03
6.917346938775509990e+00 5.328448979591836832e+01 2.920000000000000000e+03
6.917346938775509990e+00 5.329469387755102616e+01 2.920000000000000000e+03
6.917346938775509990e+00 5.330489795918367690e+01 2.920000000000000000e+03
6.917346938775509990e+00 5.331510204081632764e+01 2.920000000000000000e+03
6.917346938775509990e+00 5.332530612244897839e+01 2.920000000000000000e+03
6.917346938775509990e+00 5.333551020408163623e+01 2.920000000000000000e+03
6.917346938775509990e+00 5.334571428571428697e+01 2.920000000000000000e+03
6.917346938775509990e+00 5.335591836734693771e+01 2.920000000000000000e+03
6.917346938775509990e+00 5.336612244897959556e+01 2.920000000000000000e+03
6.917346938775509990e+00 5.337632653061224630e+01 2.920000000000000000e+03
6.917346938775509990e+00 5.338653061224489704e+01 2.920000000000000000e+03
6.917346938775509990e+00 5.339673469387755489e+01 2.920000000000000000e+03
6.917346938775509990e+00 5.340693877551020563e+01 2.920000000000000000e+03
6.917346938775509990e+00 5.341714285714285637e+01 2.920000000000000000e+03
6.917346938775509990e+00 5.342734693877551422e+01 2.920000000000000000e+03
6.917346938775509990e+00 5.343755102040816496e+01 2.920000000000000000e+03
6.927551020408163396e+00 5.319265306122449033e+01 2.920000000000000000e+03
6.927551020408163396e+00 5.320285714285714818e+01 2.920000000000000000e+03
6.927551020408163396e+00 5.321306122448979892e+01 2.920000000000000000e+03
6.927551020408163396e+00 5.322326530612244966e+01 2.920000000000000000e+03
6.927551020408163396e+00 5.323346938775510750e+01 2.920000000000000000e+03
6.927551020408163396e+00 5.324367346938775825e+01 2.920000000000000000e+03
6.927551020408163396e+00 5.325387755102040899e+01 2.920000000000000000e+03
6.927551020408163396e+00 5.326408163265306683e+01 2.920000000000000000e+03
6.927551020408163396e+00 5.327428571428571757e+01 2.920000000000000000e+03
6.927551020408163396e+00 5.328448979591836832e+01 2.920000000000000000e+03
6.927551020408163396e+00 5.329469387755102616e+01 2.920000000000000000e+03
6.927551020408163396e+00 5.330489795918367690e+01 2.920000000000000000e+03
6.927551020408163396e+00 5.331510204081632764e+01 2.920000000000000000e+03
6.927551020408163396e+00 5.332530612244897839e+01 2.920000000000000000e+03
6.927551020408163396e+00 5.333551020408163623e+01 2.920000000000000000e+03
6.927551020408163396e+00 5.334571428571428697e+01 2.920000000000000000e+03
6.927551020408163396e+00 5.335591836734693771e+01 2.920000000000000000e+03
6.927551020408163396e+00 5.336612244897959556e+01 2.920000000000000000e+03
6.927551020408163396e+00 5.337632653061224630e+01 2.920000000000000000e+03
6.927551020408163396e+00 5.338653061224489704e+01 2.920000000000000000e+03
6.927551020408163396e+00 5.339673469387755489e+01 2.920000000000000000e+03
6.927551020408163396e+00 5.340693877551020563e+01 2.920000000000000000e+03
6.927551020408163396e+00 5.341714285714285637e+01 2.920000000000000000e+03
6.927551020408163396e+00 5.342734693877551422e+01 2.920000000000000000e+03
6.937755102040815913e+00 5.320285714285714818e+01 2.920000000000000000e+03
6.937755102040815913e+00 5.321306122448979892e+01 2.920000000000000000e+03
6.937755102040815913e+00 5.322326530612244966e+01 2.920000000000000000e+03
6.937755102040815913e+00 5.323346938775510750e+01 2.920000000000000000e+03
6.937755102040815913e+00 5.324367346938775825e+01 2.920000000000000000e+03
6.937755102040815913e+00 5.325387755102040899e+01 2.920000000000000000e+03
6.937755102040815913e+00 5.326408163265306683e+01 2.920000000000000000e+03
6.937755102040815913e+00 5.327428571428571757e+01 2.920000000000000000e+03
6.937755102040815913e+00 5.328448979591836832e+01 2.920000000000000000e+03
6.937755102040815913e+00 5.329469387755102616e+01 2.920000000000000000e+03
6.937755102040815913e+00 5.330489795918367690e+01 2.920000000000000000e+03
6.937755102040815913e+00 5.331510204081632764e+01 2.920000000000000000e+03
6.937755102040815913e+00 5.332530612244897839e+01 2.920000000000000000e+03
6.937755102040815913e+00 5.333551020408163623e+01 2.920000000000000000e+03
6.937755102040815913e+00 5.334571428571428697e+01 2.920000000000000000e+03
6.937755102040815913e+00 5.335591836734693771e+01 2.920000000000000000e+03
6.937755102040815913e+00 5.336612244897959556e+01 2.920000000000000000e+03
6.937755102040815913e+00 5.337632653061224630e+01 2.920000000000000000e+03
6.937755102040815913e+00 5.338653061224489704e+01 2.920000000000000000e+03
6.937755102040815913e+00 5.339673469387755489e+01 2.920000000000000000e+03
6.937755102040815913e+00 5.340693877551020563e+01 2.920000000000000000e+03
6.937755102040815913e+00 5.341714285714285637e+01 2.920000000000000000e+03
6.947959183673469319e+00 5.321306122448979892e+01 2.920000000000000000e+03
6.947959183673469319e+00 5.322326530612244966e+01 2.920000000000000000e+03
6.947959183673469319e+00 5.323346938775510750e+01 2.920000000000000000e+03
6.947959183673469319e+00 5.324367346938775825e+01 2.920000000000000000e+03
6.947959183673469319e+00 5.325387755102040899e+01 2.920000000000000000e+03
6.947959183673469319e+00 5.326408163265306683e+01 2.920000000000000000e+03
6.947959183673469319e+00 5.327428571428571757e+01 2.920000000000000000e+03
6.947959183673469319e+00 5.328448979591836832e+01 2.920000000000000000e+03
6.947959183673469319e+00 5.329469387755102616e+01 2.920000000000000000e+03
6.947959183673469319e+00 5.330489795918367690e+01 2.920000000000000000e+03
6.947959183673469319e+00 5.331510204081632764e+01 2.920000000000000000e+03
6.947959183673469319e+00 5.332530612244897839e+01 2.920000000000000000e+03
6.947959183673469319e+00 5.333551020408163623e+01 2.920000000000000000e+03
6.947959183673469319e+00 5.334571428571428697e+01 2.920000000000000000e+03
6.947959183673469319e+00 5.335591836734693771e+01 2.920000000000000000e+03
6.947959183673469319e+00 5.336612244897959556e+01 2.920000000000000000e+03
6.947959183673469319e+00 5.337632653061224630e+01 2.920000000000000000e+03
6.947959183673469319e+00 5.338653061224489704e+01 2.920000000000000000e+03
6.947959183673469319e+00 5.339673469387755489e+01 2.920000000000000000e+03
6.947959183673469319e+00 5.340693877551020563e+01 2.920000000000000000e+03
6.958163265306121836e+00 5.323346938775510750e+01 2.920000000000000000e+03
6.958163265306121836e+00 5.324367346938775825e+01 2.920000000000000000e+03
6.958163265306121836e+00 5.325387755102040899e+01 2.920000000000000000e+03
6.958163265306121836e+00 5.326408163265306683e+01 2.920000000000000000e+03
6.958163265306121836e+00 5.327428571428571757e+01 2.920000000000000000e+03
6.958163265306121836e+00 5.328448979591836832e+01 2.920000000000000000e+03
6.958163265306121836e+00 5.329469387755102616e+01 2.920000000000000000e+03
6.958163265306121836e+00 5.330489795918367690e+01 2.920000000000000000e+03
6.958163265306121836e+00 5.331510204081632764e+01 2.920000000000000000e+03
6.958163265306121836e+00 5.332530612244897839e+01 2.920000000000000000e+03
6.958163265306121836e+00 5.333551020408163623e+01 2.920000000000000000e+03
6.958163265306121836e+00 5.334571428571428697e+01 2.920000000000000000e+03
6.958163265306121836e+00 5.335591836734693771e+01 2.920000000000000000e+03
6.958163265306121836e+00 5.336612244897959556e+01 2.920000000000000000e+03
6.958163265306121836e+00 5.337632653061224630e+01 2.920000000000000000e+03
6.958163265306121836e+00 5.338653061224489704e+01 2.920000000000000000e+03
6.968367346938775242e+00 5.325387755102040899e+01 2.920000000000000000e+03
6.968367346938775242e+00 5.326408163265306683e+01 2.920000000000000000e+03
6.968367346938775242e+00 5.327428571428571757e+01 2.920000000000000000e+03
6.968367346938775242e+00 5.328448979591836832e+01 2.920000000000000000e+03
6.968367346938775242e+00 5.329469387755102616e+01 2.920000000000000000e+03
6.968367346938775242e+00 5.330489795918367690e+01 2.920000000000000000e+03
6.968367346938775242e+00 5.331510204081632764e+01 2.920000000000000000e+03
6.968367346938775242e+00 5.332530612244897839e+01 2.920000000000000000e+03
6.968367346938775242e+00 5.333551020408163623e+01 2.920000000000000000e+03
6.968367346938775242e+00 5.334571428571428697e+01 2.920000000000000000e+03
6.968367346938775242e+00 5.335591836734693771e+01 2.920000000000000000e+03
6.968367346938775242e+00 5.336612244897959556e+01 2.920000000000000000e+03
6.978571428571428648e+00 5.329469387755102616e+01 2.920000000000000000e+03
6.978571428571428648e+00 5.330489795918367690e+01 2.920000000000000000e+03
6.978571428571428648e+00 5.331510204081632764e+01 2.920000000000000000e+03
6.978571428571428648e+00 5.332530612244897839e+01 2.920000000000000000e+03
